  -19.9103   19.1766  -18.1340   19.0973  -16.3363   19.0254  -14.5162   18.9621  -12.6722   18.9069  -10.8018   18.8606   -8.9035   18.8231   -6.9747   18.7951   -5.0132   18.7770   -3.0162   18.7693   -0.9810   18.7727    1.0959   18.7879    3.2179   18.8155    5.3892   18.8565    7.6143   18.9118    9.8984   18.9828   12.2474   19.0707   14.6682   19.1768   17.1690   19.3036   19.7597   19.4532   22.4515   19.6283
  -19.8792   18.3490  -18.1039   18.2702  -16.3074   18.1994  -14.4882   18.1366  -12.6452   18.0818  -10.7758   18.0359   -8.8784   17.9985   -6.9505   17.9707   -4.9899   17.9524   -2.9939   17.9447   -0.9595   17.9476    1.1165   17.9623    3.2375   17.9891    5.4078   18.0292    7.6319   18.0834    9.9150   18.1530   12.2629   18.2393   14.6827   18.3438   17.1823   18.4684   19.7717   18.6155   22.4620   18.7877
  -19.8477   17.4994  -18.0734   17.4216  -16.2779   17.3514  -14.4599   17.2893  -12.6177   17.2350  -10.7493   17.1894   -8.8528   17.1523   -6.9258   17.1245   -4.9662   17.1061   -2.9709   17.0982   -0.9375   17.1007    1.1376   17.1148    3.2578   17.1410    5.4272   17.1801    7.6503   17.2331    9.9324   17.3014   12.2793   17.3860   14.6979   17.4886   17.1964   17.6111   19.7843   17.7555   22.4731   17.9245
  -19.8161   16.6273  -18.0427   16.5504  -16.2482   16.4809  -14.4310   16.4193  -12.5898   16.3657  -10.7223   16.3203   -8.8267   16.2833   -6.9006   16.2556   -4.9418   16.2371   -2.9475   16.2290   -0.9149   16.2311    1.1593   16.2446    3.2787   16.2700    5.4472   16.3081    7.6694   16.3600    9.9505   16.4268   12.2964   16.5098   14.7139   16.6104   17.2114   16.7308   19.7980   16.8725   22.4853   17.0383
  -19.7840   15.7314  -18.0116   15.6555  -16.2181   15.5868  -14.4019   15.5257  -12.5615   15.4724  -10.6949   15.4273   -8.8002   15.3906   -6.8749   15.3630   -4.9169   15.3443   -2.9234   15.3360   -0.8916   15.3376    1.1818   15.3505    3.3003   15.3751    5.4679   15.4122    7.6892   15.4629    9.9694   15.5282   12.3143   15.6095   14.7309   15.7082   17.2272   15.8262   19.8124   15.9651   22.4984   16.1280
  -19.7516   14.8109  -17.9801   14.7356  -16.1875   14.6676  -14.3724   14.6070  -12.5328   14.5542  -10.6671   14.5094   -8.7731   14.4729   -6.8487   14.4452   -4.8915   14.4266   -2.8987   14.4180   -0.8677   14.4192    1.2049   14.4316    3.3226   14.4553    5.4894   14.4914    7.7099   14.5408    9.9891   14.6047   12.3331   14.6842   14.7487   14.7808   17.2439   14.8963   19.8280   15.0326   22.5127   15.1923
  -19.7189   13.8641  -17.9484   13.7897  -16.1567   13.7224  -14.3423   13.6625  -12.5036   13.6102  -10.6387   13.5657   -8.7455   13.5292   -6.8218   13.5016   -4.8654   13.4828   -2.8734   13.4739   -0.8431   13.4746    1.2287   13.4864    3.3456   13.5093    5.5117   13.5443    7.7314   13.5924   10.0098   13.6548   12.3529   13.7325   14.7676   13.8270   17.2617   13.9401   19.8447   14.0736   22.5284   14.2303
  -19.6859   12.8903  -17.9162   12.8166  -16.1253   12.7500  -14.3118   12.6907  -12.4739   12.6389  -10.6097   12.5947   -8.7173   12.5584   -6.7944   12.5307   -4.8387   12.5119   -2.8474   12.5025   -0.8178   12.5027    1.2533   12.5138    3.3695   12.5358    5.5348   12.5698    7.7538   12.6166   10.0314   12.6774   12.3737   12.7532   14.7875   12.8456   17.2806   12.9563   19.8626   13.0869   22.5450   13.2401
  -19.6525   11.8876  -17.8836   11.8152  -16.0937   11.7490  -14.2809   11.6903  -12.4437   11.6389  -10.5803   11.5949   -8.6886   11.5587   -6.7664   11.5312   -4.8113   11.5121   -2.8207   11.5024   -0.7918   11.5021    1.2787   11.5124    3.3942   11.5336    5.5589   11.5664    7.7771   11.6119   10.0540   11.6712   12.3956   11.7450   14.8085   11.8352   17.3007   11.9433   19.8819   12.0711   22.5631   12.2208
  -19.6188   10.8551  -17.8508   10.7833  -16.0616   10.7179  -14.2495   10.6599  -12.4131   10.6088  -10.5503   10.5651   -8.6593   10.5291   -6.7377   10.5015   -4.7833   10.4822   -2.7933   10.4721   -0.7650   10.4713    1.3049   10.4809    3.4199   10.5011    5.5839   10.5328    7.8015   10.5768   10.0777   10.6344   12.4186   10.7064   14.8307   10.7944   17.3222   10.8998   19.9024   11.0245   22.5826   11.1709
  -19.5848    9.7910  -17.8176    9.7199  -16.0291    9.6552  -14.2177    9.5978  -12.3820    9.5471  -10.5198    9.5037   -8.6294    9.4677   -6.7084    9.4401   -4.7545    9.4206   -2.7651    9.4102   -0.7373    9.4088    1.3320    9.4176    3.4464    9.4368    5.6099    9.4673    7.8269    9.5100   10.1026    9.5658   12.4428    9.6358   14.8542    9.7215   17.3450    9.8242   19.9244    9.9459   22.6037   10.0887
  -19.5507    8.6936  -17.7841    8.6234  -15.9962    8.5594  -14.1855    8.5024  -12.3503    8.4521  -10.4887    8.4089   -8.5988    8.3731   -6.6784    8.3454   -4.7250    8.3256   -2.7360    8.3147   -0.7088    8.3128    1.3601    8.3208    3.4740    8.3390    5.6370    8.3683    7.8535    8.4095   10.1286    8.4635   12.4683    8.5315   14.8792    8.6148   17.3693    8.7148   19.9479    8.8334   22.6264    8.9724
  -19.5161    7.5611  -17.7502    7.4918  -15.9630    7.4284  -14.1527    7.3721  -12.3181    7.3221  -10.4571    7.2793   -8.5676    7.2435   -6.6476    7.2155   -4.6947    7.1956   -2.7062    7.1842   -0.6793    7.1817    1.3891    7.1889    3.5026    7.2060    5.6652    7.2340    7.8813    7.2737   10.1560    7.3259   12.4952    7.3918   14.9056    7.4726   17.3951    7.5700   19.9732    7.6852   22.6509    7.8205
  -19.4814    6.3917  -17.7160    6.3232  -15.9293    6.2604  -14.1196    6.2047  -12.2855    6.1550  -10.4248    6.1124   -8.5358    6.0768   -6.6162    6.0486   -4.6636    6.0284   -2.6755    6.0166   -0.6489    6.0134    1.4192    6.0197    3.5324    6.0357    5.6946    6.0624    7.9104    6.1004   10.1848    6.1509   12.5236    6.2146   14.9336    6.2930   17.4227    6.3873   20.0003    6.4993   22.6775    6.6308
  -19.4463    5.1833  -17.6816    5.1155  -15.8953    5.0536  -14.0861    4.9981  -12.2523    4.9488  -10.3920    4.9064   -8.5033    4.8708   -6.5840    4.8427   -4.6317    4.8221   -2.6438    4.8098   -0.6175    4.8059    1.4503    4.8113    3.5633    4.8261    5.7253    4.8516    7.9409    4.8879   10.2150    4.9364   12.5536    4.9980   14.9633    5.0738   17.4521    5.1651   20.0293    5.2736   22.7061    5.4011
  -19.4115    3.9332  -17.6469    3.8664  -15.8610    3.8052  -14.0520    3.7504  -12.2186    3.7015  -10.3586    3.6592   -8.4701    3.6236   -6.5510    3.5953   -4.5989    3.5745   -2.6112    3.5616   -0.5850    3.5569    1.4827    3.5613    3.5955    3.5750    5.7574    3.5990    7.9728    3.6338   10.2468    3.6804   12.5853    3.7396   14.9949    3.8126   17.4836    3.9009   20.0606    4.0058   22.7370    4.1293
  -19.3763    2.6394  -17.6120    2.5735  -15.8264    2.5129  -14.0177    2.4587  -12.1843    2.4103  -10.3245    2.3681   -8.4362    2.3327   -6.5172    2.3041   -4.5652    2.2829   -2.5776    2.2693   -0.5514    2.2639    1.5162    2.2673    3.6291    2.2799    5.7910    2.3024    8.0064    2.3355   10.2804    2.3799   12.6188    2.4368   15.0284    2.5072   17.5171    2.5923   20.0941    2.6933   22.7705    2.8128
  -19.3411    1.2994  -17.5771    1.2341  -15.7915    1.1743  -13.9829    1.1205  -12.1497    1.0725  -10.2899    1.0305   -8.4016    0.9952   -6.4826    0.9665   -4.5306    0.9448   -2.5428    0.9307   -0.5167    0.9245    1.5511    0.9268    3.6641    0.9381    5.8261    0.9592    8.0416    0.9903   10.3158    1.0328   12.6544    1.0871   15.0641    1.1545   17.5529    1.2364   20.1301    1.3338   22.8067    1.4488
  -19.3059   -0.0901  -17.5418   -0.1544  -15.7563   -0.2135  -13.9478   -0.2668  -12.1145   -0.3145  -10.2547   -0.3563   -8.3662   -0.3917   -6.4471   -0.4207   -4.4949   -0.4427   -2.5070   -0.4572   -0.4806   -0.4644    1.5874   -0.4631    3.7006   -0.4531    5.8629   -0.4338    8.0787   -0.4044   10.3532   -0.3643   12.6921   -0.3126   15.1022   -0.2481   17.5913   -0.1697   20.1689   -0.0762   22.8458    0.0343
  -19.2706   -1.5317  -17.5066   -1.5954  -15.7210   -1.6538  -13.9123   -1.7066  -12.0788   -1.7540  -10.2188   -1.7957   -8.3301   -1.8312   -6.4107   -1.8604   -4.4582   -1.8827   -2.4699   -1.8981   -0.4432   -1.9060    1.6251   -1.9058    3.7388   -1.8974    5.9015   -1.8797    8.1178   -1.8523   10.3927   -1.8144   12.7322   -1.7653   15.1428   -1.7039   17.6325   -1.6292   20.2105   -1.5395   22.8881   -1.4337
  -19.2355   -3.0294  -17.4713   -3.0922  -15.6854   -3.1498  -13.8764   -3.2023  -12.0426   -3.2493  -10.1822   -3.2908   -8.2932   -3.3264   -6.3733   -3.3559   -4.4204   -3.3787   -2.4317   -3.3947   -0.4044   -3.4038    1.6645   -3.4047    3.7787   -3.3976    5.9420   -3.3817    8.1590   -3.3564   10.4346   -3.3209   12.7748   -3.2748   15.1862   -3.2165   17.6767   -3.1454   20.2556   -3.0600   22.9340   -2.9590
  -19.2008   -4.5868  -17.4361   -4.6487  -15.6498   -4.7056  -13.8403   -4.7576  -12.0060   -4.8043  -10.1451   -4.8457   -8.2555   -4.8813   -6.3350   -4.9111   -4.3814   -4.9345   -2.3920   -4.9513   -0.3641   -4.9613    1.7056   -4.9637    3.8206   -4.9579    5.9847   -4.9437    8.2025   -4.9208   10.4791   -4.8879   12.8202   -4.8445   15.2326   -4.7898   17.7241   -4.7224   20.3042   -4.6415   22.9838   -4.5456
  -19.1663   -6.2078  -17.4011   -6.2690  -15.6142   -6.3255  -13.8040   -6.3767  -11.9690   -6.4232  -10.1073   -6.4642   -8.2170   -6.5002   -6.2957   -6.5302   -4.3413   -6.5543   -2.3510   -6.5718   -0.3221   -6.5829    1.7485   -6.5865    3.8645   -6.5824    6.0296   -6.5702    8.2486   -6.5496   10.5263   -6.5193   12.8686   -6.4789   15.2823   -6.4277   17.7752   -6.3645   20.3567   -6.2881   23.0378   -6.1974
  -19.1323   -7.8973  -17.3663   -7.9575  -15.5785   -8.0132  -13.7675   -8.0643  -11.9316   -8.1103  -10.0690   -8.1514   -8.1776   -8.1873   -6.2554   -8.2179   -4.2999   -8.2425   -2.3085   -8.2609   -0.2785   -8.2730    1.7933   -8.2782    3.9106   -8.2758    6.0771   -8.2657    8.2974   -8.2471   10.5765   -8.2198   12.9203   -8.1826   15.3356   -8.1350   17.8302   -8.0761   20.4135   -8.0045   23.0966   -7.9193
  -19.0989   -9.6602  -17.3318   -9.7195  -15.5430   -9.7744  -13.7309   -9.8250  -11.8939   -9.8709  -10.0301   -9.9118   -8.1375   -9.9480   -6.2140   -9.9790   -4.2571  -10.0040   -2.2644  -10.0236   -0.2330  -10.0368    1.8403  -10.0435    3.9591  -10.0428    6.1272  -10.0350    8.3491  -10.0189   10.6300   -9.9945   12.9757   -9.9606   15.3929   -9.9169   17.8896   -9.8624   20.4751   -9.7960   23.1605   -9.7167
  -19.0663  -11.5021  -17.2979  -11.5605  -15.5078  -11.6148  -13.6943  -11.6647  -11.8559  -11.7104   -9.9906  -11.7514   -8.0965  -11.7876   -6.1714  -11.8189   -4.2130  -11.8450   -2.2186  -11.8654   -0.1855  -11.8799    1.8896  -11.8882    4.0102  -11.8895    6.1802  -11.8839    8.4042  -11.8705   10.6872  -11.8492   13.0351  -11.8189   15.4547  -11.7794   17.9539  -11.7294   20.5420  -11.6684   23.2302  -11.5950
  -19.0347  -13.4292  -17.2648  -13.4868  -15.4730  -13.5404  -13.6579  -13.5899  -11.8177  -13.6352   -9.9507  -13.6762   -8.0547  -13.7127   -6.1278  -13.7445   -4.1674  -13.7713   -2.1711  -13.7928   -0.1359  -13.8086    1.9413  -13.8186    4.0642  -13.8220    6.2364  -13.8187    8.4628  -13.8082   10.7484  -13.7902   13.0990  -13.7638   15.5214  -13.7285   18.0235  -13.6837   20.6149  -13.6282   23.3065  -13.5611
  -19.0044  -15.4485  -17.2326  -15.5053  -15.4388  -15.5581  -13.6216  -15.6073  -11.7794  -15.6524   -9.9102  -15.6934   -8.0121  -15.7302   -6.0830  -15.7625   -4.1203  -15.7901   -2.1216  -15.8127   -0.0839  -15.8300    1.9958  -15.8417    4.1212  -15.8473    6.2962  -15.8467    8.5255  -15.8393   10.8140  -15.8247   13.1677  -15.8024   15.5935  -15.7717   18.0991  -15.7320   20.6944  -15.6827   23.3901  -15.6224
  -18.9757  -17.5681  -17.2014  -17.6236  -15.4054  -17.6761  -13.5859  -17.7248  -11.7412  -17.7697   -9.8695  -17.8108   -7.9687  -17.8479   -6.0369  -17.8808   -4.0715  -17.9093   -2.0700  -17.9331   -0.0295  -17.9519    2.0532  -17.9656    4.1817  -17.9736    6.3599  -17.9757    8.5925  -17.9716   10.8846  -17.9607   13.2420  -17.9427   15.6716  -17.9169   18.1815  -17.8828   20.7811  -17.8398   23.4818  -17.7870
